---
startPose:
  x: -2.0
  y: 28.25
  heading: 0.0
startTangent: 1.5707963267948966
waypoints:
- position:
    x: -7.0
    y: 34.0
  heading: 0.0
  tangent: 2.792526803190927
  interpolationType: "CONSTANT"
- position:
    x: -28.0
    y: 62.0
  heading: 3.141592653589793
  tangent: 1.5707963267948966
  interpolationType: "SPLINE"
- position:
    x: -28.0
    y: 65.0
  heading: 3.141592653589793
  tangent: 1.5707963267948966
  interpolationType: "SPLINE"
resolution: 0.25
version: 1
